191
6647
7727
6103
8266
5767
7190
5974
1191
6402
6585
6590
306
578
1615
5528
4748
6881
3648
2309
8471
4946
2792
6335
6333
427
8241
3453
980
9936
8501
5521
8961
9577
3866
1751
1205
4063
152
2616
1506
6496
5611
1407
7223
6507
9620
8894
1373
8584
1594
7203
26
8725
6597
8444
6803
3482
1742
7833
8145
6288
2269
7570
5726
3710
2111
9894
2596
6211
242
2260
1313
5804
4071
8727
3507
84
3591
9150
8816
1670
8510
6835
2863
6315
7092
5425
8917
6189
1875
2410
7243
8555
4042
5467
8990
4997
5940
9092
9924
521
6139
2989
6942
6489
6309
189
1447
3799
7865
3863
485
4444
5948
2519
118
9950
9928
6238
3289
3723
354
8254
5945
6353
6396
5779
5823
4030
2328
5648
7697
5321
7332
9901
2175
4568
1265
6862
2694
3447
4234
9178
3283
7026
1767
6594
7236
1015
247
5629
5029
4575
5231
6586
5588
8202
764
4008
9033
6656
5554
6248
1037
4279
640
3136
5576
5406
6580
5032
5070
7999
1456
940
2021
6142
9753
7592
5220
224
6869
7920
1206
2447
1957
2053
2877
7306
7496
9972
2622
5800
457
7088
7731
7668
3350
6545
5666
5379
7823
1322
7182
2769
5722
8680
9809
2435
9653
7441
1763
3830
4160
7063
266
6070
5349
4347
5728
6666
5562
2997
1782
8
4544
3758
7849
1676
5463
2586
5110
54
5378
7041
4061
7997
197
9641
8958
8424
2220
2316
4581
8586
232
920
7053
808
7690
9874
153
8496
2140
7612
7365
138
4050
8477
541
45
5472
9515
4247
8036
9937
2480
2648
3039
6656
3804
5651
3016
293
4586
8672
3607
9170
7620
2010
7009
600
4872
6805
950
8980
9239
6523
5705
2300
6930
6963
2585
4340
7762
8005
4280
3403
6717
8110
3880
7716
2621
3278
7513
8486
4177
1891
9800
984
1938
4544
7678
2703
4335
8622
5146
4050
3482
7993
1120
8115
8206
5276
4475
2607
3950
3747
895
4153
2185
2613
8382
3337
3190
7802
4675
3755
2513
4982
7570
1995
8513
2451
9704
4953
6098
3450
951
9791
7587
4682
2249
7891
4131
807
4916
2756
5009
3386
5068
1732
8727
4386
3677
9040
6040
1179
6805
6353
3263
1830
392
7044
9626
3580
1483
5874
135
3620
6617
7712
5334
3440
3122
9461
4164
6438
4834
7190
6506
6164
7159
3106
7902
933
9995
5340
9265
6789
4241
6793
268
4342
6586
7370
5864
6423
7562
5460
1465
5301
8931
9924
9237
4893
8684
7121
2420
2805
6976
7463
1864
5489
1340
6429
5727
8174
5619
2657
2667
8458
6734
6165
5712
7306
1018
9081
2967
3193
6556
4642
7751
3346
6281
3317
1047
3236
1756
6613
2225
404
8489
7809
41
6030
4547
783
582
1250
5009
8317
5851
5820
698
7287
4342
9670
5552
8703
4871
7245
3655
8603
1113
6013
6180
9268
4871
3194
8017
6298
835
7468
9389
1533
5001
7425
5293
6947
5024
1099
4816
8859
5156
7244
7646
1354
6119
4282
6757
4083
142
6148
4561
1248
7988
7151
4660
2345
8071
5193
9961
1873
1943
1932
4423
1723
274
8423
4880
6257
6148
1920
7980
537
3225
2774
5718
7268
5334
765
4733
7731
1340
7057
8166
8369
1255
8089
689
1539
5849
6342
1522
303
7110
6538
3942
1766
2838
9988
1437
7119
2943
1690
4012
3002
9610
4249
3361
2145
5500
9778
7698
3720
4610
8257
2493
1423
1217
6039
4994
2175
2608
4057
3009
7913
6125
8805
3233
6962
2811
2043
7683
9502
9776
775
9410
4962
1013
6805
7150
1412
1869
9676
7729
9185
3999
6130
7439
241
8856
3177
3298
1569
5928
4690
9381
3360
6659
5894
6575
9974
1625
5519
6259
6288
2893
7167
1928
982
1333
8856
910
8411
6288
8850
7652
7694
4393
1499
840
5779
3779
3407
1860
8419
9415
678
1632
2763
8019
3903
1266
5533
5208
4633
4003
7207
3000
9383
2044
9551
5071
1547
7862
9713
7869
5370
9311
6818
2012
1577
6238
5377
5392
60
7294
8531
2300
515
8265
935
4378
3828
2269
3456
6148
996
962
7725
5856
6624
3914
4647
6402
1217
6548
4516
8890
8533
5042
1634
2892
4404
7959
173
2216
9416
929
1614
6758
8250
9052
4003
2378
7059
6482
7737
6064
6759
9469
6035
5747
7674
289
7176
4414
4645
1387
1765
1427
9682
9031
7001
933
5688
7474
5875
2343
6617
5792
8901
7746
1506
3731
5448
2886
7566
7187
5304
5954
8742
2313
4430
6169
9873
8407
4461
6260
5395
8657
434
5035
121
7959
6252
4547
1004
617
974
3755
4011
1304
8028
4035
6618
8624
6896
3114
8469
1076
8166
9389
9394
5636
2401
9565
1
9112
7704
2302
2221
4340
9956
8689
4762
6673
513
3968
5663
1130
3361
4763
3298
4458
4436
6618
5626
4875
5793
9255
307
6151
5726
1875
2813
9892
3253
3217
6676
4399
788
9052
9873
7050
4841
6384
4287
1437
4549
1176
705
4903
8785
5300
5401
5725
9255
7746
3885
9750
7860
3587
2806
6518
8566
2449
4759
3338
1429
4079
5217
3158
4935
472
4579
5895
262
8440
3028
6270
7753
9774
5280
9448
4405
5718
9779
8979
9628
8511
5684
22
7389
5365
6883
2212
959
5288
4044
5677
9581
6827
5436
6449
3779
7196
1291
1645
6780
3857
7563
4113
501
4570
2415
5846
4002
3910
890
2524
559
4375
3200
9698
3307
2095
1390
2287
5014
1847
6489
8898
904
2134
2334
6957
1217
2958
6435
5899
6937
5560
9771
6826
4122
5279
2057
8514
1855
9442
3202
9833
6175
7191
5317
8844
4399
685
5271
3102
2665
9116
9756
9130
96
6588
2165
5743
1506
1728
502
9358
9460
4410
987
2745
204
3565
172
167
4830
8799
1103
8312
5720
3063
6331
1485
1824
8381
2974
878
5518
9931
876
5741
759
6298
2062
2131
5596
2819
1218
4943
1860
2889
798
9634
5375
903
6398
8422
34
853
3462
1183
5274
85
1894
2864
3056
8745
4133
2329
5789
7777
3431
4527
1110
6503
3726
482
7287
7511
9614
3460
5027
2897
8144
5296
6810
9719
3507
5667
9069
5268
4399
5181
301
5382
5988
7202
6729
2208
639
66
5693
5020
2678
5898
5102
6090
4806
9206
7134
7541
5654
7360
2841
7756
2211
7479
8388
6806
8339
3671
3863
1046
5587
4114
645
6192
9462
916
5772
903
8943
958
2623
6937
2258
8893
661
92
812
8736
9004
260
9179
745
2036
663
8021
7398
6362
6612
1849
5258
8166
7058
4466
8809
9334
2319
649
2854
2533
2461
9898
6498
1536
6249
9678
2625
3217
7662
3187
9046
9360
1852
1365
2879
6364
1782
3550
8979
605
2993
4761
1856
6317
6404
4506
9097
5617
3276
79
2718
4484
1445
1441
6798
5976
301
4164
3387
8030
8036
1958
3323
7715
6774
4401
2043
9608
4853
9939
4243
2008
2364
3763
3539
1476
7675
6544
1663
1425
5096
6113
6651
369
3293
7853
628
7907
1517
5461
6648
4042
2353
7703
2192
3935
784
5402
6258
5662
6269
161
6589
6224
2933
7093
3150
1232
1070
105
2207
8475
343
5300
5808
4366
4193
9253
3460
843
3712
660
4150
619
8016
6916
4646
8216
3163
9502
6483
4982
9215
8765
7716
6256
2952
2625
562
9349
2549
9156
6343
2668
669
476
5363
2587
3883
7003
7586
3693
7228
7750
5397
4271
2024
4282
9002
9710
4248
4614
3895
5863
6846
5495
8777
9828
4792
719
3708
4811
1373
7363
2762
9547
736
3951
1438
6525
9805
5036
2112
6727
8286
5558
8047
4742
1225
6999
1526
8313
8959
6865
2720
6383
9145
9091
8855
7935
6719
4647
521
8520
7196
5727
7262
9324
3990
1833
7612
524
3417
8146
2099
8162
7951
2801
1544
5048
6654
4879
570
1512
1809
8678
5287
5136
6715
3552
5357
5567
9268
6787
708
2852
8619
768
754
6208
6666
7523
5567
9414
4146
1111
9932
5087
933
8432
1817
4186
3543
2190
4863
4675
5800
9656
9724
9735
6806
9029
1406
1889
9897
9370
9309
2439
1405
605
5410
977
4321
3541
7692
7120
9428
2149
606
5267
8749
7294
2726
492
5086
4599
1757
7800
3484
3207
4514
5654
8007
8272
1564
6295
5014
5426
6232
3232
3724
7155
2644
2406
3729
8303
597
4908
8913
902
750
9200
4992
1292
9647
9376
1525
8757
8393
7538
6236
335
8331
8394
553
5421
5038
4842
1193
4224
9289
9768
794
4501
4807
6864
2977
8023
9089
9682
6189
3574
77
5363
8573
9999
2302
9106
1969
8939
5830
5252
4998
7214
1848
5055
9724
3469
1360
2795
1556
9063
635
2749
7973
6408
6039
7940
9347
7770
2027
9166
2787
7052
1122
9685
9683
6156
9001
7409
8175
7310
5357
6193
2019
6356
9051
8775
2912
5590
7883
5369
8254
6089
319
6001
331
2035
7525
3985
9259
8814
3223
1080
1169
4070
3986
1617
176
26
2834
6711
8549
4876
4813
5000
2495
789
8043
6148
1962
116
5723
627
3816
2927
8188
9209
4056
1818
7548
6943
7465
9257
4524
8760
6766
207
14
5906
9776
8773
3054
744
3023
5950
3304
2792
7956
8764
9278
6023
8981
1484
4628
1545
3586
2927
2082
9792
6296
9173
8149
3254
6744
5077
1874
2383
2231
3080
9281
3182
3571
1062
7322
7897
8093
1455
682
1193
9590
2456
8898
4797
2706
7813
1233
6188
3786
1788
45
3972
6638
1298
8304
6029
5475
8876
6162
1007
9230
7870
6572
8363
7643
2413
393
2827
8632
6649
6271
9929
9664
7414
5943
9994
6217
2494
4510
9003
9314
2442
6635
6509
8623
660
4032
6944
8538
4019
3915
8496
9180
9921
6966
738
4265
232
9546
5601
9186
2363
9566
9935
8712
6444
9686
5884
6174
1608
2491
663
7040
3016
4184
2978
4835
7887
4425
5209
2653
6792
2406
153
3484
9273
6519
6797
5099
6149
2717
3399
53
6150
5776
462
8798
6069
4000
1516
7529
1327
5910
3442
484
9404
3105
6787
3647
6967
387
1654
7449
4018
3762
7695
2974
3904
4786
6723
5709
6687
6124
422
9375
4704
5838
9775
8374
9138
9102
1477
5676
7877
9488
5545
8468
2429
2135
7225
2235
7769
8187
9770
3311
7835
7182
992
5810
6268
2525
1278
927
4669
3802
2534
6827
9671
5112
8639
4518
6490
2429
8960
4039
549
1237
3009
9252
3811
820
5189
2923
1261
5096
1865
9001
7123
395
2722
4124
1527
7708
5309
4864
1576
5150
3548
4537
3313
2678
9273
3030
475
6063
3164
70
777
5397
6974
8121
7504
453
3890
9501
4747
3072
3906
4617
7397
3442
6392
3258
1975
1645
4821
4943
3504
7540
6454
202
858
9446
6931
1697
4646
4064
8168
795
9035
8624
5853
6414
2233
5556
9408
6316
7573
8142
6923
1763
6877
3661
5217
149
7015
6362
9074
9792
6084
2665
9110
2542
974
5339
6412
4857
6064
1379
439
9882
4656
3621
653
5515
8006
4893
908
6741
5356
2629
6854
9502
9444
7596
7853
3142
6303
6847
5675
8771
8168
17
7799
8357
4950
8674
3072
936
7618
2784
6988
2075
9579
8793
6181
5349
4698
3312
565
9953
5633
8778
8170
9431
6518
2689
7157
6504
7292
1894
8449
9068
2755
4466
1445
5720
3961
6129
3212
3519
292
6532
3136
6653
8029
8313
9933
6047
9893
9900
3097
4493
7070
9074
8179
8296
2267
8945
5342
7415
9178
4132
4390
4053
8207
6595
3498
8530
1581
5252
1051
636
3575
8094
5656
4263
2628
6642
1155
7777
6883
7014
7987
9949
2924
2390
1641
5452
5745
1437
6144
8089
5271
4328
8123
8162
2164
6477
8084
8228
2707
9037
8156
2206
7406
9016
8508
6645
2733
5237
2348
9445
5372
2680
646
8703
3891
5002
6162
4172
3864
1272
5232
7809
5509
2637
7162
8782
3195
3959
1868
5522
2886
6699
1827
2902
7425
889
798
576
5832
3583
471
9343
848
9935
377
3748
318
5067
6440
3078
6456
4651
4693
5884
8427
8334
9980
4963
6975
9481
7582
9604
8739
4257
7327
4515
2149
3975
5037
4984
3837
6417
1796
6018
995
7464
3587
1741
3419
9830
742
6071
9542
6580
9152
870
3984
3092
633
4502
1489
5276
2902
4383
9601
2965
6548
6231
631
1778
3320
2086
3710
9069
6402
6738
71
7667
4743
6367
180
6164
7777
4906
392
4335
4391
5304
7120
7681
2957
695
4112
6407
222
5133
3062
9669
3764
1717
5619
7648
4056
2504
3714
1352
9756
6493
9100
1449
3769
8854
6048
8849
9581
1441
2973
8299
5467
9303
6686
3672
371
144
5102
974
6288
3437
4472
5281
5606
87
1975
8106
7057
7202
5414
3344
4005
1652
9397
5686
6828
4031
3723
6346
2868
2257
2262
401
5957
4560
1563
1923
5897
5980
1823
2926
3443
718
5085
8312
1972
2519
2121
3709
7381
4422
8716
885
1431
7752
3111
1997
6419
3822
9527
734
6560
6231
1790
9047
1664
5655
7468
9248
7765
887
4936
6608
3377
8087
8334
1246
1408
7646
9170
1917
5523
7677
4299
6365
909
2699
2996
7928
2352
599
7111
9764
8805
2165
6245
4608
3303
9000
7124
2351
1980
8582
3852
1921
6528
2295
6656
7697
7817
2367
588
2876
152
4050
8139
8993
7402
4337
4416
9529
4205
6311
1833
8341
2566
8123
9754
8602
2758
5896
9090
5153
5320
2598
6761
1652
8521
4809
5517
9557
6327
3436
7287
5432
2307
2128
1114
8727
7529
2761
4756
9125
7141
9880
3014
8344
9868
5048
4522
7882
5687
9752
4247
2451
8237
75
5576
228
2233
5661
3488
1057
605
5490
3805
7863
5381
1996
467
8482
5472
497
2824
8839
2648
5382
6974
57
7411
2728
9986
3345
8514
3709
1402
9922
1520
1453
9117
5994
6131
2352
3297
9658
8392
4440
4289
7366
2737
7807
5307
3425
7729
3949
7075
6202
2522
2651
6662
1499
3395
6347
377
7688
4966
3923
7344
9049
4289
5132
1543
1319
2643
6691
5446
3956
6867
2319
8280
2247
72
2046
2906
4112
2958
1390
7431
8826
6358
7893
3819
528
5379
816
7028
114
4911
8465
616
3003
5139
576
9333
7083
9961
9862
4352
4655
3062
7558
8386
3478
5870
1592
7416
1396
8825
3569
1519
4015
661
925
129
5905
7690
6485
4979
5338
7035
3660
6143
954
2334
6542
5512
2451
4911
7350
4027
1131
1354
5384
5927
5299
2404
1621
3711
394
1556
9422
736
96
1177
4105
4636
4554
466
8941
4614
7270
5725
1998
5611
7385
9525
4999
5149
2328
8049
350
3714
8477
1403
207
2358
4280
122
1733
6653
2601
6604
8630
3237
1981
2005
8917
845
1324
8153
2811
9348
4052
4245
5880
8706
7965
4166
3505
3752
9898
1094
1678
439
3990
4628
7733
5216
8508
4559
5389
4605
4600
708
818
2548
7612
4997
3786
1906
7361
8333
5696
3047
7286
2987
8339
2998
5964
6123
4047
5164
5479
7291
299
7721
7877
1337
7479
3197
3315
1291
9810
2530
1064
5725
4837
5340
6174
4228
2129
6063
7063
6914
1524
6699
1491
5400
6863
